

h=0.50

x=

        1.00        1.50        2.00        2.50        3.00        3.50        4.00        4.50        5.00        5.50

euler=

       2.71828183       4.07742274       6.45302272      10.38155911      16.83299306      27.41785217      44.78952098      73.31467462     120.17906879     197.20905738

euler_mod=

       2.71828183       4.79917190       7.96098658      13.04987427      21.34562506      34.92623357      57.20031871      93.77176761     153.86024027     252.63934081

euler_improve=

       2.71828183       4.83458755       8.07281915      13.29634201      21.82048544      35.78444617      58.69889677      96.33678824     158.19734796     259.91612965

runge_kutt=

       2.71828183       4.48184749       7.38938647      12.18305794      20.08644703      33.11689412      54.60042490      90.02072272     148.41884580     244.70096930

h=0.10

x=

        1.00        1.10        1.20        1.30        1.40        1.50        1.60        1.70        1.80        1.90        2.00        2.10        2.20        2.30        2.40        2.50        2.60        2.70        2.80        2.90        3.00        3.10        3.20        3.30        3.40        3.50        3.60        3.70        3.80        3.90        4.00        4.10        4.20        4.30        4.40        4.50        4.60        4.70        4.80        4.90        5.00        5.10        5.20        5.30        5.40        5.50

euler=

       2.71828183       2.99011001       3.29180443       3.62617550       3.99642218       4.40614059       4.85934606       5.36050470       5.91457254       6.52704145       7.20399158       7.95215041       8.77895881       9.69264446      10.70230349      11.81799083      13.05082035      14.41307561      15.91833234      17.58159396      19.41944130      21.45019818      23.69411438      26.17356789      28.91328848      31.94060471      35.28571697      38.98199923      43.06633251      47.57947338      52.56646126      58.07706848      64.16629771      70.89493161      78.33014033      86.54615284      95.62499882     105.65732858     116.74331910     128.99367540     142.53073713     157.48970148     174.01997468     192.28666554     212.47223605     234.77832546     259.42776608

euler_mod=

       2.71828183       3.01860088       3.34761460       3.70894763       4.10642932       4.54417454       5.02665038       5.55873662       6.14578475       6.79367813       7.50889534       8.29857800       9.17060436      10.13366948      11.19737330      12.37231729      13.67021098      15.10398937      16.68794250      18.43785843      20.37118118      22.50718514      24.86716773      27.47466229      30.35567325      33.53893603      37.05620419      40.94256673      45.23679878      49.98174906      55.22476811      61.01818146      67.41981264      74.49356101      82.31004044      90.94728506     100.49152921     111.03806940     122.69221681     135.57034998     149.80107814     165.52652680     182.90375852     202.10634304     223.32609241     246.77497860     272.68725270

euler_improve=

       2.71828183       3.01862142       3.34775280       3.70928564       4.10704080       4.54512899       5.02801614       5.56058315       6.14818438       6.79670753       7.51263685       8.30312087       9.17604594      10.14011646      11.20494297      12.38113886      13.68042705      15.11575747      16.70143679      18.45327155      20.38872630      22.52709816      24.88970980      27.50012248      30.38437160      33.57122683      37.09247965      40.98326104      45.28239258      50.03277437      55.28181381      61.08189935      67.49092409      74.57286435      82.39841916      91.04571680     100.60109580     111.15996783     122.82777150     135.72102625     149.96849713     165.71248198     183.11023393     202.33553344     223.58042561     247.05714010     273.00021293

runge_kutt=

       2.71828183       3.00416608       3.32011703       3.66929682       4.05520017       4.48168933       4.95303273       5.47394775       6.04964788       6.68589491       7.38905663       8.16617051       9.02501417       9.97418320      11.02317720      12.18249487      13.46373904      14.87973283      16.44464799      18.17414671      20.08553839      22.19795289      24.53253197      27.11264086      29.96410217      33.11545429      36.59823699      40.44730715      44.70118755      49.40245246      54.59815371      60.34029162      66.68633545      73.69979853      81.45087395      90.01713710      99.48432200     109.94717942     121.51042515     134.28978805     148.41316828     164.02191737     181.27225292     200.33682209     221.40642949     244.69194685     270.42642343

h=0.01

x=

        1.00        1.01        1.02        1.03        1.04        1.05        1.06        1.07        1.08        1.09        1.10        1.11        1.12        1.13        1.14        1.15        1.16        1.17        1.18        1.19        1.20        1.21        1.22        1.23        1.24        1.25        1.26        1.27        1.28        1.29        1.30        1.31        1.32        1.33        1.34        1.35        1.36        1.37        1.38        1.39        1.40        1.41        1.42        1.43        1.44        1.45        1.46        1.47        1.48        1.49        1.50        1.51        1.52        1.53        1.54        1.55        1.56        1.57        1.58        1.59        1.60        1.61        1.62        1.63        1.64        1.65        1.66        1.67        1.68        1.69        1.70        1.71        1.72        1.73        1.74        1.75        1.76        1.77        1.78        1.79        1.80        1.81        1.82        1.83        1.84        1.85        1.86        1.87        1.88        1.89        1.90        1.91        1.92        1.93        1.94        1.95        1.96        1.97        1.98        1.99        2.00        2.01        2.02        2.03        2.04        2.05        2.06        2.07        2.08        2.09        2.10        2.11        2.12        2.13        2.14        2.15        2.16        2.17        2.18        2.19        2.20        2.21        2.22        2.23        2.24        2.25        2.26        2.27        2.28        2.29        2.30        2.31        2.32        2.33        2.34        2.35        2.36        2.37        2.38        2.39        2.40        2.41        2.42        2.43        2.44        2.45        2.46        2.47        2.48        2.49        2.50        2.51        2.52        2.53        2.54        2.55        2.56        2.57        2.58        2.59        2.60        2.61        2.62        2.63        2.64        2.65        2.66        2.67        2.68        2.69        2.70        2.71        2.72        2.73        2.74        2.75        2.76        2.77        2.78        2.79        2.80        2.81        2.82        2.83        2.84        2.85        2.86        2.87        2.88        2.89        2.90        2.91        2.92        2.93        2.94        2.95        2.96        2.97        2.98        2.99        3.00        3.01        3.02        3.03        3.04        3.05        3.06        3.07        3.08        3.09        3.10        3.11        3.12        3.13        3.14        3.15        3.16        3.17        3.18        3.19        3.20        3.21        3.22        3.23        3.24        3.25        3.26        3.27        3.28        3.29        3.30        3.31        3.32        3.33        3.34        3.35        3.36        3.37        3.38        3.39        3.40        3.41        3.42        3.43        3.44        3.45        3.46        3.47        3.48        3.49        3.50        3.51        3.52        3.53        3.54        3.55        3.56        3.57        3.58        3.59        3.60        3.61        3.62        3.63        3.64        3.65        3.66        3.67        3.68        3.69        3.70        3.71        3.72        3.73        3.74        3.75        3.76        3.77        3.78        3.79        3.80        3.81        3.82        3.83        3.84        3.85        3.86        3.87        3.88        3.89        3.90        3.91        3.92        3.93        3.94        3.95        3.96        3.97        3.98        3.99        4.00        4.01        4.02        4.03        4.04        4.05        4.06        4.07        4.08        4.09        4.10        4.11        4.12        4.13        4.14        4.15        4.16        4.17        4.18        4.19        4.20        4.21        4.22        4.23        4.24        4.25        4.26        4.27        4.28        4.29        4.30        4.31        4.32        4.33        4.34        4.35        4.36        4.37        4.38        4.39        4.40        4.41        4.42        4.43        4.44        4.45        4.46        4.47        4.48        4.49        4.50        4.51        4.52        4.53        4.54        4.55        4.56        4.57        4.58        4.59        4.60        4.61        4.62        4.63        4.64        4.65        4.66        4.67        4.68        4.69        4.70        4.71        4.72        4.73        4.74        4.75        4.76        4.77        4.78        4.79        4.80        4.81        4.82        4.83        4.84        4.85        4.86        4.87        4.88        4.89        4.90        4.91        4.92        4.93        4.94        4.95        4.96        4.97        4.98        4.99        5.00        5.01        5.02        5.03        5.04        5.05        5.06        5.07        5.08        5.09        5.10        5.11        5.12        5.13        5.14        5.15        5.16        5.17        5.18        5.19        5.20        5.21        5.22        5.23        5.24        5.25        5.26        5.27        5.28        5.29        5.30        5.31        5.32        5.33        5.34        5.35        5.36        5.37        5.38        5.39        5.40        5.41        5.42        5.43        5.44        5.45        5.46        5.47        5.48        5.49        5.50

euler=

       2.71828183       2.74546465       2.77292201       2.80065663       2.82867126       2.85696868       2.88555169       2.91442313       2.94358586       2.97304278       3.00279682       3.03285093       3.06320809       3.09387133       3.12484369       3.15612826       3.18772814       3.21964649       3.25188647       3.28445129       3.31734420       3.35056848       3.38412742       3.41802439       3.45226274       3.48684590       3.52177730       3.55706044       3.59269882       3.62869601       3.66505559       3.70178118       3.73887644       3.77634509       3.81419085       3.85241750       3.89102885       3.93002876       3.96942111       4.00920984       4.04939892       4.08999235       4.13099420       4.17240854       4.21423953       4.25649132       4.29916814       4.34227425       4.38581396       4.42979160       4.47421158       4.51907832       4.56439631       4.61017006       4.65640416       4.70310322       4.75027190       4.79791492       4.84603703       4.89464303       4.94373779       4.99332621       5.04341323       5.09400387       5.14510318       5.19671625       5.24884825       5.30150439       5.35468992       5.40841016       5.46267047       5.51747628       5.57283306       5.62874634       5.68522171       5.74226481       5.79988134       5.85807705       5.91685777       5.97622936       6.03619776       6.09676895       6.15794900       6.21974401       6.28216016       6.34520368       6.40888088       6.47319812       6.53816182       6.60377848       6.67005466       6.73699697       6.80461211       6.87290683       6.94188796       7.01156239       7.08193709       7.15301909       7.22481548       7.29733346       7.37058025       7.44456319       7.51928967       7.59476715       7.67100319       7.74800538       7.82578145       7.90433915       7.98368634       8.06383094       8.14478097       8.22654453       8.30912977       8.39254495       8.47679842       8.56189858       8.64785396       8.73467313       8.82236478       8.91093766       9.00040064       9.09076265       9.18203273       9.27421999       9.36733366       9.46138303       9.55637751       9.65232660       9.74923988       9.84712703       9.94599785      10.04586222      10.14673011      10.24861162      10.35151691      10.45545628      10.56044012      10.66647892      10.77358328      10.88176391      10.99103161      11.10139731      11.21287204      11.32546694      11.43919327      11.55406240      11.67008580      11.78727508      11.90564195      12.02519823      12.14595588      12.26792697      12.39112370      12.51555836      12.64124342      12.76819142      12.89641505      13.02592714      13.15674063      13.28886859      13.42232423      13.55712090      13.69327205      13.83079132      13.96969244      14.10998929      14.25169590      14.39482643      14.53939520      14.68541665      14.83290537      14.98187612      15.13234378      15.28432340      15.43783015      15.59287940      15.74948664      15.90766752      16.06743785      16.22881361      16.39181093      16.55644610      16.72273557      16.89069598      17.06034410      17.23169690      17.40477151      17.57958522      17.75615552      17.93450005      18.11463664      18.29658330      18.48035821      18.66597974      18.85346646      19.04283710      19.23411059      19.42730606      19.62244281      19.81954035      20.01861838      20.21969682      20.42279574      20.62793547      20.83513650      21.04441954      21.25580553      21.46931558      21.68497105      21.90279349      22.12280467      22.34502659      22.56948146      22.79619173      23.02518005      23.25646931      23.49008264      23.72604339      23.96437514      24.20510173      24.44824721      24.69383590      24.94189234      25.19244133      25.44550792      25.70111740      25.95929533      26.22006752      26.48346003      26.74949920      27.01821162      27.28962415      27.56376393      27.84065836      28.12033512      28.40282217      28.68814775      28.97634038      29.26742887      29.56144233      29.85841014      30.15836200      30.46132788      30.76733807      31.07642317      31.38861408      31.70394199      32.02243845      32.34413528      32.66906465      32.99725903      33.32875124      33.66357443      34.00176205      34.34334791      34.68836618      35.03685133      35.38883820      35.74436199      36.10345823      36.46616283      36.83251204      37.20254249      37.57629116      37.95379543      38.33509304      38.72022209      39.10922109      39.50212894      39.89898490      40.29982866      40.70470029      41.11364026      41.52668945      41.94388916      42.36528110      42.79090739      43.22081058      43.65503365      44.09362002      44.53661352      44.98405845      45.43599953      45.89248195      46.35355134      46.81925380      47.28963589      47.76474462      48.24462751      48.72933251      49.21890810      49.71340321      50.21286728      50.71735024      51.22690253      51.74157508      52.26141937      52.78648734      53.31683150      53.85250486      54.39356098      54.94005396      55.49203841      56.04956954      56.61270307      57.18149531      57.75600312      58.33628394      58.92239577      59.51439722      60.11234747      60.71630630      61.32633408      61.94249182      62.56484110      63.19344414      63.82836380      64.46966354      65.11740749      65.77166039      66.43248765      67.09995535      67.77413021      68.45507964      69.14287171      69.83757518      70.53925951      71.24799484      71.96385205      72.68690268      73.41721903      74.15487412      74.89994169      75.65249623      76.41261297      77.18036792      77.95583783      78.73910022      79.53023340      80.32931648      81.13642933      81.95165265      82.77506794      83.60675753      84.44680457      85.29529303      86.15230776      87.01793442      87.89225957      88.77537061      89.66735584      90.56830443      91.47830646      92.39745291      93.32583566      94.26354755      95.21068232      96.16733465      97.13360021      98.10957558      99.09535834     100.09104706     101.09674127     102.11254153     103.13854939     104.17486743     105.22159926     106.27884953     107.34672394     108.42532926     109.51477332     110.61516504     111.72661444     112.84923264     113.98313188     115.12842552     116.28522807     117.45365518     118.63382367     119.82585154     121.02985795     122.24596330     123.47428915     124.71495831     125.96809484     127.23382401     128.51227238     129.80356775     131.10783924     132.42521724     133.75583347     135.09982095     136.45731406     137.82844852     139.21336142     140.61219122     142.02507778     143.45216235     144.89358761     146.34949768     147.82003812     149.30535595     150.80559968     152.32091930     153.85146631     155.39739374     156.95885615     158.53600965     160.12901193     161.73802227     163.36320151     165.00471217     166.66271834     168.33738581     170.02888201     171.73737604     173.46303874     175.20604263     176.96656198     178.74477281     180.54085291     182.35498185     184.18734100     186.03811358     187.90748461     189.79564101     191.70277156     193.62906693     195.57471971     197.53992444     199.52487760     201.52977765     203.55482504     205.60022224     207.66617375     209.75288612     211.86056800     213.98943011     216.13968530     218.31154856     220.50523703     222.72097004     224.95896913     227.21945806     229.50266283     231.80881172     234.13813531     236.49086650     238.86724050     241.26749492     243.69186975     246.14060737

euler_mod=

       2.71828183       2.74574986       2.77349073       2.80150727       2.82980234       2.85837879       2.88723955       2.91638752       2.94582568       2.97555700       3.00558450       3.03591120       3.06654019       3.09747454       3.12871739       3.16027190       3.19214124       3.22432862       3.25683731       3.28967056       3.32283169       3.35632404       3.39015097       3.42431589       3.45882225       3.49367350       3.52887315       3.56442474       3.60033184       3.63659806       3.67322704       3.71022245       3.74758802       3.78532749       3.82344465       3.86194332       3.90082737       3.94010069       3.97976722       4.01983095       4.06029587       4.10116607       4.14244562       4.18413866       4.22624938       4.26878198       4.31174074       4.35512996       4.39895397       4.44321718       4.48792400       4.53307893       4.57868647       4.62475120       4.67127773       4.71827071       4.76573484       4.81367489       4.86209564       4.91100194       4.96039869       5.01029083       5.06068335       5.11158129       5.16298974       5.21491386       5.26735882       5.32032989       5.37383235       5.42787157       5.48245294       5.53758192       5.59326403       5.64950485       5.70630998       5.76368512       5.82163599       5.88016841       5.93928822       5.99900133       6.05931371       6.12023140       6.18176048       6.24390712       6.30667751       6.37007795       6.43411476       6.49879436       6.56412321       6.63010783       6.69675483       6.76407088       6.83206269       6.90073707       6.97010089       7.04016108       7.11092464       7.18239865       7.25459025       7.32750666       7.40115518       7.47554315       7.55067803       7.62656731       7.70321860       7.78063954       7.85883788       7.93782144       8.01759811       8.09817586       8.17956276       8.26176694       8.34479661       8.42866007       8.51336571       8.59892200       8.68533748       8.77262080       8.86078069       8.94982594       9.03976547       9.13060826       9.22236340       9.31504006       9.40864749       9.50319507       9.59869223       9.69514853       9.79257361       9.89097719       9.99036913      10.09075936      10.19215791      10.29457491      10.39802061      10.50250534      10.60803955      10.71463379      10.82229870      10.93104507      11.04088374      11.15182571      11.26388206      11.37706400      11.49138283      11.60684999      11.72347701      11.84127556      11.96025740      12.08043443      12.20181867      12.32442225      12.44825742      12.57333656      12.69967217      12.82727689      12.95616346      13.08634477      13.21783383      13.35064379      13.48478792      13.62027963      13.75713246      13.89536010      14.03497635      14.17599519      14.31843069      14.46229710      14.60760881      14.75438032      14.90262633      15.05236164      15.20360122      15.35636019      15.51065382      15.66649754      15.82390691      15.98289768      16.14348574      16.30568714      16.46951809      16.63499497      16.80213433      16.97095286      17.14146744      17.31369513      17.48765313      17.66335883      17.84082980      18.02008377      18.20113867      18.38401260      18.56872382      18.75529082      18.94373223      19.13406690      19.32631385      19.52049229      19.71662165      19.91472151      20.11481170      20.31691220      20.52104322      20.72722516      20.93547864      21.14582447      21.35828369      21.57287752      21.78962742      22.00855506      22.22968231      22.45303130      22.67862433      22.90648397      23.13663299      23.36909439      23.60389143      23.84104755      24.08058648      24.32253216      24.56690878      24.81374076      25.06305277      25.31486975      25.56921686      25.82611953      26.08560344      26.34769453      26.61241900      26.87980331      27.14987419      27.42265864      27.69818393      27.97647761      28.25756748      28.54148166      28.82824852      29.11789673      29.41045525      29.70595331      30.00442047      30.30588655      30.61038170      30.91793636      31.22858126      31.54234747      31.85926634      32.17936957      32.50268915      32.82925740      33.15910697      33.49227083      33.82878229      34.16867500      34.51198292      34.85874037      35.20898203      35.56274291      35.92005836      36.28096412      36.64549625      37.01369121      37.38558580      37.76121719      38.14062295      38.52384099      38.91090963      39.30186757      39.69675388      40.09560805      40.49846994      40.90537983      41.31637841      41.73150675      42.15080636      42.57431916      43.00208748      43.43415408      43.87056217      44.31135537      44.75657775      45.20627382      45.66048852      46.11926728      46.58265595      47.05070086      47.52344881      48.00094705      48.48324331      48.97038583      49.46242328      49.95940488      50.46138029      50.96839971      51.48051382      51.99777381      52.52023141      53.04793884      53.58094885      54.11931474      54.66309032      55.21232996      55.76708857      56.32742160      56.89338508      57.46503559      58.04243028      58.62562686      59.21468365      59.80965954      60.41061400      61.01760712      61.63069957      62.24995266      62.87542829      63.50718899      64.14529793      64.78981889      65.44081631      66.09835528      66.76250153      67.43332145      68.11088213      68.79525128      69.48649734      70.18468941      70.88989728      71.60219148      72.32164319      73.04832436      73.78230764      74.52366639      75.27247475      76.02880757      76.79274046      77.56434981      78.34371275      79.13090721      79.92601187      80.72910624      81.54027059      82.35958604      83.18713449      84.02299868      84.86726216      85.72000936      86.58132552      87.45129675      88.33001004      89.21755322      90.11401504      91.01948513      91.93405399      92.85781308      93.79085475      94.73327227      95.68515988      96.64661273      97.61772695      98.59859962      99.58932882     100.59001360     101.60075399     102.62165105     103.65280685     104.69432448     105.74630807     106.80886279     107.88209488     108.96611163     110.06102142     111.16693372     112.28395910     113.41220923     114.55179692     115.70283609     116.86544183     118.03973037     119.22581912     120.42382666     121.63387276     122.85607840     124.09056579     125.33745833     126.59688069     127.86895879     129.15381982     130.45159221     131.76240574     133.08639145     134.42368172     135.77441023     137.13871205     138.51672357     139.90858256     141.31442818     142.73440099     144.16864295     145.61729747     147.08050937     148.55842495     150.05119196     151.55895967     153.08187880     154.62010163     156.17378194     157.74307508     159.32813794     160.92912899     162.54620830     164.17953756     165.82928005     167.49560072     169.17866618     170.87864469     172.59570622     174.33002244     176.08176675     177.85111430     179.63824197     181.44332846     183.26655423     185.10810158     186.96815461     188.84689931     190.74452351     192.66121694     194.59717122     196.55257993     198.52763857     200.52254459     202.53749747     204.57269865     206.62835162     208.70466190     210.80183709     212.92008687     215.05962302     217.22065946     219.40341225     221.60809962     223.83494202     226.08416208     228.35598467     230.65063696     232.96834835     235.30935057     237.67387770     240.06216613     242.47445466     244.91098446     247.37199916

euler_improve=

       2.71828183       2.74574980       2.77349063       2.80150714       2.82980218       2.85837863       2.88723938       2.91638737       2.94582555       2.97555691       3.00558445       3.03591120       3.06654025       3.09747468       3.12871762       3.16027221       3.19214165       3.22432915       3.25683795       3.28967133       3.32283260       3.35632509       3.39015218       3.42431727       3.45882379       3.49367522       3.52887505       3.56442684       3.60033414       3.63660057       3.67322976       3.71022540       3.74759120       3.78533091       3.82344832       3.86194724       3.90083155       3.94010514       3.97977195       4.01983595       4.06030117       4.10117166       4.14245151       4.18414487       4.22625590       4.26878883       4.31174792       4.35513748       4.39896184       4.44322539       4.48793258       4.53308787       4.57869578       4.62476089       4.67128781       4.71828118       4.76574572       4.81368617       4.86210733       4.91101406       4.96041124       5.01030381       5.06069677       5.11159516       5.16300407       5.21492865       5.26737408       5.32034563       5.37384857       5.42788828       5.48247015       5.53759964       5.59328226       5.64952360       5.70632926       5.76370493       5.82165635       5.88018932       5.93930968       5.99902335       6.05933631       6.12025458       6.18178425       6.24393148       6.30670248       6.37010353       6.43414096       6.49882119       6.56415067       6.63013594       6.69678359       6.76410029       6.83209278       6.90076784       6.97013234       7.04019322       7.11095748       7.18243220       7.25462452       7.32754166       7.40119091       7.47557963       7.55071526       7.62660531       7.70325737       7.78067909       7.85887822       7.93786258       8.01764006       8.09821864       8.17960636       8.26181137       8.34484189       8.42870621       8.51341272       8.59896989       8.68538626       8.77267048       8.86083127       8.94987745       9.03981790       9.13066164       9.22241773       9.31509534       9.40870375       9.50325231       9.59875047       9.69520777       9.79263386       9.89103848       9.99043146      10.09082274      10.19222235      10.29464043      10.39808721      10.50257304      10.60810836      10.71470372      10.82236978      10.93111729      11.04095713      11.15190027      11.26395781      11.37714094      11.49146099      11.60692937      11.72355763      11.84135743      11.96034054      12.08051886      12.20190440      12.32450928      12.44834577      12.57342625      12.69976322      12.82736930      12.95625725      13.08643996      13.21793043      13.35074182      13.48488739      13.62038056      13.75723487      13.89546400      14.03508176      14.17610211      14.31853916      14.46240712      14.60772040      14.75449351      14.90274112      15.05247805      15.20371928      15.35647991      15.51077522      15.66662062      15.82403171      15.98302421      16.14361402      16.30581719      16.46964993      16.63512861      16.80226979      16.97109017      17.14160662      17.31383619      17.48779609      17.66350372      17.84097663      18.02023257      18.20128946      18.38416539      18.56887865      18.75544770      18.94389118      19.13422795      19.32647701      19.52065759      19.71678911      19.91489116      20.11498355      20.31708629      20.52121956      20.72740378      20.93565957      21.14600773      21.35846929      21.57306550      21.78981781      22.00874787      22.22987758      22.45322904      22.67882458      22.90668675      23.13683833      23.36930232      23.60410196      23.84126073      24.08080233      24.32275071      24.56713005      24.81396478      25.06327957      25.31509936      25.56944931      25.82635485      26.08584166      26.34793568      26.61266311      26.88005042      27.15012432      27.42291183      27.69844021      27.97673701      28.25783004      28.54174740      28.82851748      29.11816894      29.41073074      29.70623213      30.00470265      30.30617212      30.61067070      30.91822882      31.22887722      31.54264696      31.85956941      32.17967625      32.50299947      32.82957141      33.15942471      33.49259233      33.82910760      34.16900414      34.51231594      34.85907732      35.20932295      35.56308783      35.92040733      36.28131717      36.64585344      37.01405257      37.38595138      37.76158704      38.14099710      38.52421949      38.91129253      39.30225491      39.69714571      40.09600441      40.49887089      40.90578541      41.31678867      41.73192174      42.15122612      42.57474375      43.00251694      43.43458848      43.87100155      44.31179978      44.75702724      45.20672843      45.66094833      46.11973233      46.58312629      47.05117656      47.52392991      48.00143361      48.48373540      48.97088349      49.46292658      49.95991387      50.46189503      50.96892026      51.48104024      51.99830617      52.52076976      53.04848325      53.58149938      54.11987145      54.66365328      55.21289923      55.76766421      56.32800369      56.89397368      57.46563077      58.04303210      58.62623540      59.21529897      59.81028171      60.41124309      61.01824320      61.63134273      62.25060296      62.87608580      63.50785379      64.14597009      64.79049849      65.44150343      66.09904999      66.76320392      67.43403160      68.11160010      68.79597717      69.48723122      70.18543137      70.89064741      71.60294985      72.32240989      73.04909948      73.78309126      74.52445860      75.27327564      76.02961723      76.79355898      77.56517728      78.34454926      79.13175285      79.92686674      80.72997044      81.54114422      82.36046918      83.18802725      84.02390115      84.86817445      85.72093156      86.58225774      87.45223909      88.33096261      89.21851612      90.11498838      91.02046901      91.93504853      92.85881838      93.79187092      94.73429943      95.68619813      96.64766219      97.61878774      98.59967186      99.59041262     100.59110908     101.60186127     102.62277025     103.65393810     104.69546790     105.74746378     106.81003092     107.88327555     108.96730498     110.06222758     111.16815282     112.28519126     113.41345460     114.55305562     115.70410827     116.86672763     118.04102993     119.22713257     120.42515415     121.63521443     122.85743440     124.09193626     125.33884343     126.59828057     127.87037359     129.15524969     130.45303733     131.76386624     133.08786750     134.42517347     135.77591785     137.14023570     138.51826341     139.91013876     141.31600091     142.73599042     144.17024925     145.61892081     147.08214992     148.56008289     150.05286748     151.56065293     153.08359000     154.62183094     156.17552956     157.74484118     159.32992271     160.93093263     162.54803101     164.18137952     165.83114147     167.49748179     169.18056710     170.88056567     172.59764746     174.33198415     176.08374914     177.85311758     179.64026636     181.44537416     183.26862147     185.11019057     186.97026559     188.84903249     190.74667913     192.66339521     194.59937240     196.55480423     198.52988623     200.52481586     202.53979258     204.57501784     206.63069514     208.70703001     210.80423003     212.92250489     215.06206639     217.22312843     219.40590708     221.61062058     223.83748937     226.08673609     228.35858563     230.65326512     232.97100400     235.31203399     237.67658917     240.06490594     242.47722309     244.91378182     247.37482573

runge_kutt=

       2.71828183       2.74560102       2.77319476       2.80106583       2.82921701       2.85765112       2.88637099       2.91537950       2.94467955       2.97427407       3.00416602       3.03435839       3.06485420       3.09565650       3.12676837       3.15819291       3.18993328       3.22199264       3.25437420       3.28708121       3.32011692       3.35348465       3.38718773       3.42122954       3.45561346       3.49034296       3.52542149       3.56085256       3.59663973       3.63278656       3.66929667       3.70617371       3.74342138       3.78104339       3.81904351       3.85742553       3.89619330       3.93535070       3.97490163       4.01485005       4.05519997       4.09595540       4.13712044       4.17869919       4.22069582       4.26311452       4.30595953       4.34923514       4.39294568       4.43709552       4.48168907       4.52673079       4.57222520       4.61817682       4.66459027       4.71147018       4.75882125       4.80664819       4.85495581       4.90374893       4.95303242       5.00281123       5.05309032       5.10387472       5.15516951       5.20697983       5.25931084       5.31216780       5.36555597       5.41948071       5.47394739       5.52896148       5.58452846       5.64065391       5.69734342       5.75460268       5.81243739       5.87085336       5.92985642       5.98945247       6.04964746       6.11044743       6.17185845       6.23388666       6.29653826       6.35981952       6.42373677       6.48829640       6.55350486       6.61936868       6.68589444       6.75308880       6.82095847       6.88951024       6.95875097       7.02868758       7.09932707       7.17067649       7.24274299       7.31553376       7.38905610       7.46331735       7.53832493       7.61408636       7.69060920       7.76790111       7.84596981       7.92482312       8.00446891       8.08491516       8.16616991       8.24824128       8.33113749       8.41486681       8.49943763       8.58485840       8.67113766       8.75828404       8.84630626       8.93521311       9.02501350       9.11571639       9.20733087       9.29986608       9.39333129       9.48773584       9.58308917       9.67940081       9.77668041       9.87493768       9.97418245      10.07442466      10.17567431      10.27794153      10.38123656      10.48556972      10.59095145      10.69739228      10.80490286      10.91349394      11.02317638      11.13396115      11.24585931      11.35888208      11.47304074      11.58834672      11.70481154      11.82244685      11.94126442      12.06127612      12.18249396      12.30493006      12.42859666      12.55350614      12.67967097      12.80710378      12.93581732      13.06582444      13.19713816      13.32977160      13.46373804      13.59905085      13.73572359      13.87376990      14.01320361      14.15403865      14.29628910      14.43996919      14.58509330      14.73167592      14.87973172      15.02927551      15.18032225      15.33288702      15.48698510      15.64263188      15.79984295      15.95863401      16.11902095      16.28101980      16.44464677      16.60991822      16.77685067      16.94546082      17.11576554      17.28778184      17.46152694      17.63701820      17.81427318      17.99330960      18.17414537      18.35679857      18.54128746      18.72763050      18.91584631      19.10595373      19.29797176      19.49191960      19.68781664      19.88568249      20.08553692      20.28739993      20.49129168      20.69723259      20.90524324      21.11534442      21.32755716      21.54190268      21.75840240      21.97707798      22.19795128      22.42104440      22.64637964      22.87397954      23.10386686      23.33606458      23.57059593      23.80748436      24.04675355      24.28842744      24.53253020      24.77908622      25.02812018      25.27965697      25.53372175      25.79033992      26.04953714      26.31133934      26.57577270      26.84286366      27.11263892      27.38512547      27.66035056      27.93834170      28.21912671      28.50273364      28.78919088      29.07852706      29.37077111      29.66595227      29.96410005      30.26524426      30.56941502      30.87664275      31.18695817      31.50039231      31.81697651      32.13674244      32.45972208      32.78594771      33.11545196      33.44826778      33.78442846      34.12396761      34.46691919      34.81331749      35.16319715      35.51659315      35.87354085      36.23407593      36.59823444      36.96605282      37.33756782      37.71281662      38.09183673      38.47466605      38.86134287      39.25190586      39.64639407      40.04484696      40.44730436      40.85380653      41.26439411      41.67910816      42.09799017      42.52108200      42.94842598      43.38006484      43.81604174      44.25640028      44.70118449      45.15043887      45.60420832      46.06253823      46.52547444      46.99306323      47.46535137      47.94238608      48.42421507      48.91088652      49.40244911      49.89895197      50.40044478      50.90697767      51.41860130      51.93536684      52.45732595      52.98453084      53.51703423      54.05488936      54.59815003      55.14687056      55.70110583      56.26091125      56.82634281      57.39745705      57.97431108      58.55696259      59.14546985      59.73989170      60.34028760      60.94671757      61.55924226      62.17792294      62.80282145      63.43400030      64.07152260      64.71545211      65.36585321      66.02279096      66.68633104      67.35653981      68.03348429      68.71723217      69.40785184      70.10541235      70.80998345      71.52163562      72.24044001      72.96646850      73.69979370      74.44048894      75.18862829      75.94428657      76.70753934      77.47846293      78.25713442      79.04363170      79.83803341      80.64041898      81.45086867      82.26946350      83.09628536      83.93141691      84.77494167      85.62694400      86.48750910      87.35672301      88.23467268      89.12144588      90.01713130      90.92181851      91.83559798      92.75856108      93.69080012      94.63240832      95.58347983      96.54410977      97.51439421      98.49443016      99.48431564     100.48414964     101.49403213     102.51406411     103.54434758     104.58498558     105.63608216     106.69774243     107.77007257     108.85317981     109.94717245     111.05215991     112.16825267     113.29556235     114.43420168     115.58428453     116.74592590     117.91924196     119.10435005     120.30136866     121.51041752     122.73161752     123.96509078     125.21096066     126.46935173     127.74038985     129.02420211     130.32091690     131.63066389     132.95357405     134.28977969     135.63941441     137.00261319     138.37951234     139.77024956     141.17496392     142.59379590     144.02688737     145.47438165     146.93642350     148.41315910     149.90473615     151.41130379     152.93301270     154.47001503     156.02246449     157.59051632     159.17432734     160.77405593     162.38986205     164.02190730     165.67035487     167.33536962     169.01711805     170.71576832     172.43149032     174.16445561     175.91483749     177.68281099     179.46855293     181.27224188     183.09405819     184.93418407     186.79280352     188.67010241     190.56626846     192.48149130     194.41596245     196.36987535     198.34342541     200.33680998     202.35022839     204.38388199     206.43797416     208.51271029     210.60829787     212.72494645     214.86286771     217.02227543     219.20338556     221.40641621     223.63158768     225.87912250     228.14924543     230.44218346     232.75816591     235.09742437     237.46019276     239.84670738     242.25720686     244.69193227     247.15112707